a-dara-HEX-2:5|2:keto	154731463,154724039,146158722,146157937,146157565,146157284,146156887,146037861,146037392,146037149,146036979,145944436,145944434,145925779,145865167,145714523,145714509,145714470,145714356,145705936
a-dgal-HEX-1:5|6:a	154827457,154827455,154827450,154827445,154827442,154827440,154827439,154827438,154827435,154827432,154827431,154827430,154827429,154827428,154827425,154827424,154827422,154827420,154827419,154827417
a-dgal-HEX-1:5|6:d	154827428,154827333,154827332,154827331,154827328,154827190,154827189,154827188,154827187,154827184,154827183,154827180,154827179,154827178,154827177,154827163,154827162,154827160,154827157,154827155
a-dglc-HEX-1:4|6:a	154827457,154827455,154827450,154827445,154827442,154827440,154827439,154827438,154827435,154827432,154827431,154827430,154827429,154827428,154827425,154827424,154827422,154827420,154827419,154827417
a-dglc-HEX-1:5|6:a	154827457,154827455,154827450,154827445,154827442,154827440,154827439,154827438,154827435,154827432,154827431,154827430,154827429,154827428,154827425,154827424,154827422,154827420,154827419,154827417
a-dglc-HEX-1:5|6:d	154827428,154827333,154827332,154827331,154827328,154827190,154827189,154827188,154827187,154827184,154827183,154827180,154827179,154827178,154827177,154827163,154827162,154827160,154827157,154827155
a-dgro-dgal-NON-2:6|1:a|2:keto|3:d	154827465,154827464,154827463,154827462,154827461,154827460,154827459,154827458,154827457,154827456,154827455,154827454,154827453,154827452,154827451,154827450,154827449,154827448,154827447,154827446
a-dido-HEX-1:5|6:a	154827457,154827455,154827450,154827445,154827442,154827440,154827439,154827438,154827435,154827432,154827431,154827430,154827429,154827428,154827425,154827424,154827422,154827420,154827419,154827417
a-dman-HEX-1:5|6:a	154827457,154827455,154827450,154827445,154827442,154827440,154827439,154827438,154827435,154827432,154827431,154827430,154827429,154827428,154827425,154827424,154827422,154827420,154827419,154827417
a-dman-HEX-1:5|6:d	154827428,154827333,154827332,154827331,154827328,154827190,154827189,154827188,154827187,154827184,154827183,154827180,154827179,154827178,154827177,154827163,154827162,154827160,154827157,154827155
a-dman-OCT-2:6|1:a|2:keto|3:d	154827465,154827464,154827463,154827462,154827461,154827460,154827459,154827458,154827457,154827456,154827455,154827454,154827453,154827452,154827451,154827450,154827449,154827448,154827447,154827446
a-dxyl-PEN-1:5	154572568,154572567,139292024,139291882,139209017,138397979,135804136,131751243,119057288,102224102,101709716,101699060,101699059,101677706,101677705,101677704,101677703,101631955,101631954,101631953
a-HEP-1:5	129900215,85470834,67205676,54164269,51351789,49792020,49792019,46878553,45480597,45480573,44153551,24212126,17379022,17377178,17376886,16404051,10041593,6471066,6443433,5317598
a-HEX-1:5	154825200,154825199,154815687,154788847,154785394,154783480,154775818,154762577,154762574,154762555,154760024,154730626,154729637,154721469,154721354,154721319,154721218,154720395,154719881,154719584
a-HEX-1:5|6:a	154827457,154827455,154827450,154827445,154827442,154827440,154827439,154827438,154827435,154827432,154827431,154827430,154827429,154827428,154827425,154827424,154827422,154827420,154827419,154827417
a-lara-PEN-1:4	135984698,135984684,135564925,134825125,134692794,131715543,131715542,131648254,131648253,129814423,122173045,119057287,102090456,102014213,101871852,101871851,101871850,101688696,101652534,101652533
a-lgal-HEX-1:5	154825200,154825199,154815687,154788847,154785394,154783480,154775818,154762577,154762574,154762555,154760024,154730626,154729637,154721469,154721354,154721319,154721218,154720395,154719881,154719584
a-lgal-HEX-1:5|6:d	154827428,154827333,154827332,154827331,154827328,154827190,154827189,154827188,154827187,154827184,154827183,154827180,154827179,154827178,154827177,154827163,154827162,154827160,154827157,154827155
a-lglc-HEX-1:5|6:a	154827457,154827455,154827450,154827445,154827442,154827440,154827439,154827438,154827435,154827432,154827431,154827430,154827429,154827428,154827425,154827424,154827422,154827420,154827419,154827417
a-lido-HEX-1:5|6:a	154827457,154827455,154827450,154827445,154827442,154827440,154827439,154827438,154827435,154827432,154827431,154827430,154827429,154827428,154827425,154827424,154827422,154827420,154827419,154827417
a-lman-HEX-1:5|6:d	154827428,154827333,154827332,154827331,154827328,154827190,154827189,154827188,154827187,154827184,154827183,154827180,154827179,154827178,154827177,154827163,154827162,154827160,154827157,154827155
a-lxyl-PEN-1:5	154572568,154572567,139292024,139291882,139209017,138397979,135804136,131751243,119057288,102224102,101709716,101699060,101699059,101677706,101677705,101677704,101677703,101631955,101631954,101631953
a-xgal-HEX-1:5|6:a	154827457,154827455,154827450,154827445,154827442,154827440,154827439,154827438,154827435,154827432,154827431,154827430,154827429,154827428,154827425,154827424,154827422,154827420,154827419,154827417
a-xglc-HEX-1:5	154825200,154825199,154815687,154788847,154785394,154783480,154775818,154762577,154762574,154762555,154760024,154730626,154729637,154721469,154721354,154721319,154721218,154720395,154719881,154719584
b-dara-HEX-2:5|2:keto	154731463,154724039,146158722,146157937,146157565,146157284,146156887,146037861,146037392,146037149,146036979,145944436,145944434,145925779,145865167,145714523,145714509,145714470,145714356,145705936
b-dara-HEX-2:6|2:keto	154731463,154724039,146158722,146157937,146157565,146157284,146156887,146037861,146037392,146037149,146036979,145944436,145944434,145925779,145865167,145714523,145714509,145714470,145714356,145705936
b-dgal-HEX-1:5|6:a	154827457,154827455,154827450,154827445,154827442,154827440,154827439,154827438,154827435,154827432,154827431,154827430,154827429,154827428,154827425,154827424,154827422,154827420,154827419,154827417
b-dglc-HEX-1:5|6:a	154827457,154827455,154827450,154827445,154827442,154827440,154827439,154827438,154827435,154827432,154827431,154827430,154827429,154827428,154827425,154827424,154827422,154827420,154827419,154827417
b-dglc-HEX-1:5|6:d	154827428,154827333,154827332,154827331,154827328,154827190,154827189,154827188,154827187,154827184,154827183,154827180,154827179,154827178,154827177,154827163,154827162,154827160,154827157,154827155
b-dgro-dgal-NON-2:6|1:a|2:keto|3:d	154827465,154827464,154827463,154827462,154827461,154827460,154827459,154827458,154827457,154827456,154827455,154827454,154827453,154827452,154827451,154827450,154827449,154827448,154827447,154827446
b-dido-HEX-1:5|6:a	154827457,154827455,154827450,154827445,154827442,154827440,154827439,154827438,154827435,154827432,154827431,154827430,154827429,154827428,154827425,154827424,154827422,154827420,154827419,154827417
b-dman-HEX-1:5|6:a	154827457,154827455,154827450,154827445,154827442,154827440,154827439,154827438,154827435,154827432,154827431,154827430,154827429,154827428,154827425,154827424,154827422,154827420,154827419,154827417
b-dman-HEX-1:5|6:d	154827428,154827333,154827332,154827331,154827328,154827190,154827189,154827188,154827187,154827184,154827183,154827180,154827179,154827178,154827177,154827163,154827162,154827160,154827157,154827155
b-dman-OCT-2:6|1:a|2:keto|3:d	154827465,154827464,154827463,154827462,154827461,154827460,154827459,154827458,154827457,154827456,154827455,154827454,154827453,154827452,154827451,154827450,154827449,154827448,154827447,154827446
b-dxyl-PEN-1:5	17375680,5066260,5044928,4644299,4558598,4054953,2165545,1763424,1763404,1760782,1554386,1400931,1390256,464411,464410
b-HEP-1:5	2928917,464415,464414
b-HEX-1:5	154718677,154713211,154713017,154712393,154712137,154712136,154712070,154711944,154710755,154710754,154697536,154335069,154209807,154013647,153973005,153756682,153736648,153670345,153475992,153390381
b-HEX-1:5|6:a	154827457,154827455,154827450,154827445,154827442,154827440,154827439,154827438,154827435,154827432,154827431,154827430,154827429,154827428,154827425,154827424,154827422,154827420,154827419,154827417
b-lara-PEN-1:4	135564925,13644660,2165545,1942587,1264937,464411,464410
b-lgal-HEX-1:5	154718677,154713211,154713017,154712393,154712137,154712136,154712070,154711944,154710755,154710754,154697536,154335069,154209807,154013647,153973005,153756682,153736648,153670345,153475992,153390381
b-lgal-HEX-1:5|6:d	154827428,154827333,154827332,154827331,154827328,154827190,154827189,154827188,154827187,154827184,154827183,154827180,154827179,154827178,154827177,154827163,154827162,154827160,154827157,154827155
b-lido-HEX-1:5|6:a	154827457,154827455,154827450,154827445,154827442,154827440,154827439,154827438,154827435,154827432,154827431,154827430,154827429,154827428,154827425,154827424,154827422,154827420,154827419,154827417
b-lman-HEX-1:5|6:d	154827428,154827333,154827332,154827331,154827328,154827190,154827189,154827188,154827187,154827184,154827183,154827180,154827179,154827178,154827177,154827163,154827162,154827160,154827157,154827155
b-PEN-1:4	135564925,13644660,2165545,1942587,1264937,464411,464410
b-PEN-1:5	17375680,5066260,5044928,4644299,4558598,4054953,2165545,1763424,1763404,1760782,1554386,1400931,1390256,464411,464410
b-xglc-HEX-1:5|6:a	154827457,154827455,154827450,154827445,154827442,154827440,154827439,154827438,154827435,154827432,154827431,154827430,154827429,154827428,154827425,154827424,154827422,154827420,154827419,154827417
b-xxyl-PEN-1:5	17375680,5066260,5044928,4644299,4558598,4054953,2165545,1763424,1763404,1760782,1554386,1400931,1390256,464411,464410
NIL	139152710,17793159,16760592,11957582,9837656,9794509,2733506,2733505,3863
o-dgal-HEX-0:0|1:aldi	775655,200187
o-dglc-HEX-0:0|1:aldi|6:d	154827428,154827333,154827332,154827331,154827328,154827190,154827189,154827188,154827187,154827184,154827183,154827180,154827179,154827178,154827177,154827163,154827162,154827160,154827157,154827155
x-dall-HEX-1:5	119057413,102424
x-dara-HEX-2:5|2:keto	154731463,154724039,146158722,146157937,146157565,146157284,146156887,146037861,146037392,146037149,146036979,145944436,145944434,145925779,145865167,145714523,145714509,145714470,145714356,145705936
x-dgal-HEX-1:5|6:a	154827457,154827455,154827450,154827445,154827442,154827440,154827439,154827438,154827435,154827432,154827431,154827430,154827429,154827428,154827425,154827424,154827422,154827420,154827419,154827417
x-dglc-HEX-1:5|6:a	154827457,154827455,154827450,154827445,154827442,154827440,154827439,154827438,154827435,154827432,154827431,154827430,154827429,154827428,154827425,154827424,154827422,154827420,154827419,154827417
x-dglc-HEX-1:5|6:d	154827428,154827333,154827332,154827331,154827328,154827190,154827189,154827188,154827187,154827184,154827183,154827180,154827179,154827178,154827177,154827163,154827162,154827160,154827157,154827155
x-dgro-dgal-NON-2:6|1:a|2:keto|3:d	154827465,154827464,154827463,154827462,154827461,154827460,154827459,154827458,154827457,154827456,154827455,154827454,154827453,154827452,154827451,154827450,154827449,154827448,154827447,154827446
x-dman-HEX-1:5|6:a	154827457,154827455,154827450,154827445,154827442,154827440,154827439,154827438,154827435,154827432,154827431,154827430,154827429,154827428,154827425,154827424,154827422,154827420,154827419,154827417
x-dman-HEX-1:5|6:d	154827428,154827333,154827332,154827331,154827328,154827190,154827189,154827188,154827187,154827184,154827183,154827180,154827179,154827178,154827177,154827163,154827162,154827160,154827157,154827155
x-dman-OCT-2:6|1:a|2:keto|3:d	154827465,154827464,154827463,154827462,154827461,154827460,154827459,154827458,154827457,154827456,154827455,154827454,154827453,154827452,154827451,154827450,154827449,154827448,154827447,154827446
x-HEX-1:5	119057413,102424
x-HEX-1:5|6:a	154827457,154827455,154827450,154827445,154827442,154827440,154827439,154827438,154827435,154827432,154827431,154827430,154827429,154827428,154827425,154827424,154827422,154827420,154827419,154827417
x-lgal-HEX-1:5	119057413,102424
x-lgal-HEX-1:5|6:d	154827428,154827333,154827332,154827331,154827328,154827190,154827189,154827188,154827187,154827184,154827183,154827180,154827179,154827178,154827177,154827163,154827162,154827160,154827157,154827155
x-lido-HEX-1:5|6:a	154827457,154827455,154827450,154827445,154827442,154827440,154827439,154827438,154827435,154827432,154827431,154827430,154827429,154827428,154827425,154827424,154827422,154827420,154827419,154827417
x-lman-HEX-1:5|6:d	154827428,154827333,154827332,154827331,154827328,154827190,154827189,154827188,154827187,154827184,154827183,154827180,154827179,154827178,154827177,154827163,154827162,154827160,154827157,154827155
(+)-7-epi-jasmonate	7251182
(+)-7-epi-jasmonoyl-CoA	126961028
(1,4-alpha-D-glucosyl)	145944339,145865039,137553752,131700540,102332276,101155817,91972250,90658883,90658077,90658065,86583361,86289283,86289223,86289221,86289207,73242184,71817230,71816585,71627233,71471202
D-glucopyranose	5793
(deoxynucleotides)	16131965
N6-L-threonylcarbamoyladenine3itRNA	154731951,154731742,154731583,154731582,154731148,154729766,154729555,154727010,154726873,154726564,154726412,154726118,154725757,154725653,154725314,154725185,154725126,154705306,154705055,154701623
(polyphosphate)	136266884,135585372,135564901,54697250,44287897,23674313,16133246,159282,92612,61768,24451,983
NAD(P)+	154730098,146018945,146018943,138756718,138756674,135421870,134160253,131719436,131704240,129628721,129320502,129320363,129320317,126961192,118719207,101973297,101365365,100992640,91872645,90659144
NAD(P)H	154730098,146018945,146018943,138756718,138756674,135421870,134160253,131719436,131704240,129628721,129320502,129320363,129320317,126961192,118719207,101973297,101365365,100992640,91872645,90659144
ubiquinone	102024509,102024508,101649317,100919722,100919721,100919720,100919719,100919718,100919717,91864434,90657750,88544595,46850868,45281170,45266508,42641513,17572160,12832984,11183027,11104889
ubiquinol	90658102,53481381,45281170,25201759,25074411,22833558,15929307,11183027,9962735,5813154,5280344,448338,447920
(ribonucleotides)	135414245
e-	154826478,154826477,154825775,154825634,154825570,154825564,154825563,154825546,154825512,154825499,154825480,154825428,154825417,154825412,154825411,154825399,154825386,154825383,154825382,154825364
L-alpha-amino-epsilon-keto-pimelate	25202391
oxidized electroacceptor	146014783,137349981,137349130,137347845,137181297,137181290,137181288,136662837,136330796,136245633,136181830,135883863,135857564,135705232,135445745,135445732,135398698,135398696,134812247,132472075
reduced electroacceptor	154704411,154699794,146037075,139600636,137350170,136759132,136759127,136636082,136631905,136330796,135956777,135616718,135455418,135445759,135421870,135398668,134693948,133556295,133065691,133065642
L-glutamyl-tRNAGlu	154731646,154731608,154731585,154731565,154728385,154725238,154701735,154701623,154701620,154572842,146675088,146170777,146170776,146170775,146160137,146159998,146158175,146158174,146158173,146157616
menaquinone	139587191,139587143,139585472,139585422,139583360,101282289,101282288,91865024,71749950,70687814,45479636,21841863,14325016,14009404,13728967,10434409,9988135,9951605,6442190,6442143
menaquinol	46873831,45479636,45479543,45479508,45479429,45479280,24826776,6441040,6441039,5280839,447918
L-1-phosphatidyl-sn-glycerol	46891828,46891827,5497103,444182,6138
1-(6-sulfo-alpha-D-quinovosyl)glycerol	122706586,42607409,42607407,42607405,42607403,42607401,42607399,42607395,42607393,42607391,42607389,42607387,42607385
6-sulfo-alpha-D-quinovose	25201702,25201701
10-formyl-tetrahydropteroyl-gamma-Glu	135398556
cardiolipin	146159780,146037089,136212483,136212465,136212463,131769775,131769372,131769161,131768117,131767675,131767257,131750526,126961193,126961167,126961030,118987298,118987297,118856133,102515071,98042585
corrinoid adenosyltransferase	54600757,53627480,49867086,46931145,44176385,6449980
reduced flavoprotein	154704411,154699794,146037075,139600636,137350170,136759132,136759127,136636082,136631905,136330796,135956777,135616718,135455418,135445759,135421870,135398668,134693948,133556295,133065691,133065642
oxidized flavoprotein	146014783,137349981,137349130,137347845,137181297,137181290,137181288,136662837,136330796,136245633,136181830,135883863,135857564,135705232,135445745,135445732,135398698,135398696,134812247,132472075
proteiwith disulfide bond	139208995,138375820,137699658,131698084,118856371,118855994,92274598,92274584,91886225,91872971,90476402,90474168,90472717,90471281,88519445,87666757,86278199,85085078,75487680,71463656
oxidized glutaredoxin	146014783,137349981,137349130,137347845,137181297,137181290,137181288,136662837,136330796,136245633,136181830,135883863,135857564,135705232,135445745,135445732,135398698,135398696,134812247,132472075
reduced glutaredoxin	154704411,154699794,146037075,139600636,137350170,136759132,136759127,136636082,136631905,136330796,135956777,135616718,135455418,135445759,135421870,135398668,134693948,133556295,133065691,133065642
S-adenosyl-L-methionine	86278375,76963544,24762165,10153079,3042039,34756,34755
N6-dimethylallyladenosine3itRNA	154732087,154731951,154731742,154731583,154731582,154731148,154730098,154729766,154729555,154729329,154727010,154726873,154726675,154726564,154726412,154726118,154725757,154725653,154725314,154725185
nucleoside triphosphate	153274540,135618597,135398720,135398719,131769914
3-deoxy-alpha-D-manno-2-octulosonate	21681234
2-deoxy-D-glucose	13159184,108223
GDP-alpha-D-mannose	135398627,135398626
3-sulfopropanediol	112025
3-sulfolactaldehyde	86289124
adenine1518/adenine151i16S rRNA	66563653,70315
4-deoxy-4-formamido-alpha-L-arabinopyranosyl ditrans,octacis-undecaprenyl phosphate	46931119,46173812
4-amino-4-deoxy-alpha-L-arabinopyranosyl ditrans,octacis-undecaprenyl phosphate	44229076,44229075
4-hydroxy-2-oxoglutarate	5459960,599
alpha, alpha'-trehalose 6-alpha-mycolate	86289912,44176383
6-sulfo-D-quinovose	86289062,10880539
(1,4)-alpha-D-glucosyln	154731919,154723946,154723808,154706763,154703657,154702831,154701770,154701522,154585989,154584479,154572645,154572609,146683393,146682839,146681161,146681152,146681146,146681140,146675987,146674732
(1,4)-alpha-D-glucosyl	145944339,145865039,137553752,131700540,102332276,101155817,91972250,90658883,90658077,90658065,86583361,86289283,86289223,86289221,86289207,73242184,71817230,71816585,71627233,71471202
1,4-(N-acetyl-beta-D-glucosaminyl)n	121225527,91861102,91860873,91857703,91857366,91852771,91847698,91828249,91828238,91828226,91828222,91828221,91828218,91828216,91826589,91826584,91826583,91826575,91825708,91825705
1,4-(N-acetyl-beta-D-glucosaminyl)	121225527,91861102,91860873,91857703,91857366,91852771,91847698,91828249,91828238,91828226,91828222,91828221,91828218,91828216,91826589,91826584,91826583,91826575,91825708,91825705
N-acetyl-D-glucosamine	1738118,439174,343911,82313,24139,899
enoylglutaryl-acp methyl ester	2736486
enoylpimeloyl-acp methyl ester	2736486
trans-2-enoyl-CoA	126961185,126961166,126961070,102165654,90657969,90657794,71448917,71448913,71448909,53480664,53480663,53480662,52940197,46173986,23724723,23724719,23724715,6440013
(6S)-5-formyltetrahydrofolate	135402009,135398559,135398558
5-formyl-THF-Glun+1	139127642,135398558,135398555,86704340
1,4-alpha-D-glucan	21604864,107526
glycogen	146037391,102586614,92044041,90479786,90478052,14819047,10070301,6539732,5479145,4471484,439177,192826,123821
GlgE-glycogen	146037391,102586614,92044041,90479786,90478052,14819047,10070301,6539732,5479145,4471484,439177,192826,123821
10-formyltetrahydrofolate	135450591,135402006,135398556
tetrahydrofolate	137242565,137234550,137228109,137213821,137191399,137179345,137177306,136882216,136630934,136630932,136630929,136630921,136630902,136463976,136356797,136356796,136234289,136165273,136126080,135926594
ribonucleoside diphosphate	3038401,151552,3657
2'-deoxyribonucleoside	102011944,101175704,101175703,14326905,9840777,3037127,3010294,133696,133025,98315,65386,65148,13730,13711,637
2'-deoxyribonucleoside 5'-triphosphate	133696,65386
carboxylate	154827077,154826890,154825665,154825640,154825628,154825627,154825626,154825625,154825624,154825623,154825622,154825621,154825610,154825548,154825534,154825510,154825467,154825453,154825439,154825311
pseudouridine1911/1915/191i23S rRNA	66563653,70315
3-O-sn-phosphatidyl-L-serine	6323481
L-1-phosphatidylethanolamine	137628271,137628269,137628267,137553924,137553922,137553920,137553919,137553917,137553910,137553908,137553906,137553904,137553902,136212473,90470676,76957626,59834030,52925127,46936564,46907848
4-hydroxy-3-polyprenylbenzoate	5280844
2-(all-trans-polyprenyl)phenol	14636489
5,10-methylenetetrahydrofolate	135510647,135430861,135398644
5,6-dihydrouracilitRNA	154827457,154827455,154827445,154827440,154827439,154827438,154827435,154827432,154827429,154827428,154827424,154827422,154827420,154827417,154827415,154827414,154827413,154827405,154827404,154827403
5-hydroxyuridine3itRNA	154827463,154827462,154827461,154827460,154827459,154827457,154827455,154827454,154827453,154827451,154827447,154827446,154827445,154827444,154827443,154827441,154827440,154827439,154827438,154827437
5-L-glutamyl-peptide	121513936,118796483,56841982,44145548,25099093,16133918,16132195,16132193,16132176,16132125,16131088,16131087,16131086,16131064,16131046,16131011,11679660,9960660,7015685,7015684
amino acid	154827463,154827462,154827461,154827460,154826020,154825663,154825662,154825656,154825643,154825533,154825442,154825441,154825433,154825409,154825408,154825346,154825310,154825299,154825278,154825235
alpha-(5-L-glutamyl)-amino acid	138911110,138403140,137699377,136152715,134694273,121488085,118797960,118796483,117587624,102571754,101666544,101665521,101665520,101160615,92135904,90488812,86290125,71464666,71464665,71464664
peptide	154731169,154701406,154699465,154699439,154585712,154584187,154573816,154573811,146681229,146675088,146673163,146160295,146160193,146160094,146159768,146159308,146158520,146158409,146158334,146157006
5-methyltetrahydrofolate	135483998,135415868,135402010,135398561
apurinic site withiDNA	102601959,25090755,25078061,22461943,16197455,16197453,16197452,16197376,16133903,16133902,5482039,5481199,482173,482171,482170,482169,482168,482167,470989,470987
folate	146673062,146673061,146673060,146035720,146026139,145926236,141593474,137270255,137250095,137245304,137235220,137234561,137232927,137232021,137232020,137232019,137232018,137231811,137228807,137226075
5S rRNA	66563653
2-Cys peroxiredoxiwith disulfide bond	139208995,138375820,137699658,131698084,118856371,118855994,91886225,91872971,90472717,88519445,87666757,86278199,75487680,71463656,66577106,56777151,56777019,23619830,16211921,14389776
alcohol	154732077,154572645,154572636,154572631,154572628,154572604,154572603,154572600,154572599,154572598,154572596,154572595,154572594,154572593,154572592,154572591,154572587,154572573,154572559,154572549
L-cysteine desulfurase	129635322,12969087,5460838,92851,60960,25150,5862,594
proteicarrying disulfide bond	139208995,138375820,137699658,131698084,118856371,118855994,92274598,92274584,91886225,91872971,90476402,90474168,90472717,90471281,88519445,87666757,86278199,85085078,75487680,71463656
DsbB proteicarrying disulfide bond	139208995,138375820,137699658,131698084,118856371,118855994,92274598,92274584,91886225,91872971,90476402,90474168,90472717,90471281,88519445,87666757,86278199,85085078,75487680,71463656
prolipoprotein-L-cysteine	129635322,12969087,5460838,92851,60960,25150,5862,594
lipoproteisignal peptide	154731169,154701406,154699465,154699439,154585712,154584187,154573816,154573811,146681229,146675088,146673163,146160295,146160193,146160094,146159768,146159308,146158520,146158409,146158334,146157006
proteiSer/Thr	154734381,154732084,154731897,154731782,154731172,154730686,154730631,154724039,154724038,154724000,154701649,154585715,154573826,146681837,146674708,146048059,146014907,145994621,145722624,145722610
2/3-phospho-D-glycerate	439183
protein-L-methionine	6137
ubiquitiC-terminal glycine	72941992,16132163,163663,92910
branched-chaiamino acid	146681075,133052597,131634974,71587663,71587131,71356819,57347326,56842695,53470634,24180693,24180689,23687331,22833468,22833467,22833466,22833465,22833451,22833405,22182954,9908458
butanoyl-acp	135177281,5493631
C4-dicarboxylate	154492525,154448971,154430051,154419948,154415635,154373655,154371809,154338377,154223142,154121226,154053612,154028560,153796738,153796737,153744650,153736183,153736182,153736180,153736178,148243737
carbohydrate	131770452,73427349,46906103,45266894,45266863,45266862,45266861,45266846,45266845,45266844,45266843,45266781,44263865,24832095,13710202,10949721,10169040,5288424,3242050,3081734
L-cysteine desulfurase-S-sulfanyl-L-cysteine	5460838,60960,25150,5862,594
L-cysteine desulfurase-L-cysteine	129635322,12969087,5460838,92851,60960,25150,5862,594
chitodextrin	656440,439326
N,N'-diacetylchitobiose	129660042
cis-delta19-3-hydroxyC38:1-acp	44381972
cis-delta21-3-hydroxyC40:1-acp	44381972
N4-acetylcytidine3ielongator tRNAmet	154732087,154731824,154727993,154727639,154725593,154723633,154706333,154706009,154705988,154703544,154702339,154702337,154699607,154699521,154575182,154574896,154573016,154573012,154572860,154545802
D-aspartyl-tRNAasp	154731826,146157791,146157022,145707373,139270221,138857754,137699381,136245567,135627702,134823891,132427570,132282519,132274133,131953079,131801081,131750735,131721724,131721715,131721267,131712618
D-glucoronoside	5274585
D-hexose	439357,206
D-tryptophanyl-tRNATrp	129856257,129856250,129856242,129856235,129856234,129856232,129856210,129856194,129856190,129856169,129856118,129718207,123133491,91824766,71728349,71728347,68920523,67768514,54526361,53262294
D-tyrosyl-tRNATyr	154734381,154731990,154731806,154723924,154706188,154584434,146159893,146013504,145925536,145722623,145710001,145707664,139587583,139270221,139033244,138393800,137700461,137700257,137699774,137347833
debranched alpha-limit dextrin	14819047
h	154827465,154827464,154827463,154827462,154827461,154827460,154827459,154827458,154827457,154827456,154827455,154827454,154827453,154827452,154827451,154827450,154827449,154827448,154827447,154827446
2'-deoxycytidine iDNA	13711
thymidine iDNA	154706534,154703634,154703604,154703284,154700873,154585028,146683076,146683075,146158499,145712278,145459121,145459117,145459113,145459109,139192236,139090296,139062195,139055335,139032313,138753081
pyrimidine nucleoside iDNA	136093826,135398720,53762423,25185460,6474958,6474957,6474956,6474955,6474954,6474953,6474952,6474951,5479264,3000339,3000338,453828,453031,439920,247955,91494
dipeptide	146036959,139190685,131801686,131750792,131750790,131750788,131750786,131750784,131750782,131750780,131750778,131750776,131750774,131750772,131750770,131750768,131750767,131750765,131750764,131750762
proteinogenic amino acid	154827463,154827462,154827461,154827460,154826020,154825663,154825662,154825656,154825643,154825533,154825442,154825441,154825433,154825409,154825408,154825346,154825310,154825299,154825278,154825235
tripeptide	154731604,154731583,154731582,145721336,145458546,145457004,145456471,145455337,145455330,145455308,145453826,145453808,139211128,139035031,138319122,138319092,131842305,131801092,131801085,123133557
double stranded DNA	44135672
n+5'-phosphooligonucleotide	5282230
nucleoside 5'-monophosphate	121310009,43860
galactoside	154586083,154573689,146170795,139031713,139031079,138402608,136664458,135397903,134820360,134820212,134820144,134819987,134813508,134160287,133612143,133611962,133564577,132523562,132523561,131753199
glucan	134692111,131632498,129630643,122198231,102416773,92043573,86278348,71434145,71312131,53477911,53477771,46173706,21604864,7057928,5288413,441477,440950,439306,439262,107526
alpha-limit dextrin	146037391,146037276,14819047
glycyl-tRNAAla	154732089,154732088,154732049,154731966,154731908,154731848,154731826,154731806,154731770,154731164,154731052,154731023,154724987,154723987,154723978,154723906,154706474,154704744,154704686,154704611
7-aminomethyl-7-deazaguanosine3itRNA	154827012,154826923,154826922,154826513,154826508,154826160,154825997,154825952,154825898,154824427,154823815,154803678,154800404,154799577,154796142,154785732,154770200,154768993,154768252,154768068
hexanoyl-acp	101339454,16130894,16130890,16130889
hexose phosphate	134692034,134692033,132285175,129691785,92043919,77871813,72201052,57349242,46878412,45479250,25203066,25202430,25201270,25200804,24892738,24802136,23677332,14427002,10494418,9601941
hexuronate	70701104,46878459,14123183,9881588,553830,521649,152866,151455,610
hydroxamate	154586220,146037547,135483722,135435021,133126468,131701023,129823573,129731584,129693065,129687899,117072687,101778653,91872465,91825600,88575986,86742657,86740598,86654884,71463440,63992982
lipid A	9877306
lipid II	134158422,101247073,101247071,101108827,90657902,86289097,46878551,44558864,12010518,6438573,5283551
lipopolysaccharide	146037235,135398112,134820327,53481794,53481793,46173313,16198951,16129721,451715
long-chaiacyl-CoA	92753
long-chaifatty acid	139033524,129010952,121490081,121490080,118984416,54670067,24205064,24205063,16219024,16132302,5359367,92753,23994,23985,23973,23950,23936,23932,23925,4485
alpha-D-glucopyranose	6971098,79025,206
macrolide	139583904,54610741,54608232,54603523,54602844,44448278,6477151,447401
maltodextrin	68229136,439586,62698
maltose	139266768,132594775,132594774,131743918,131726226,131699104,131632347,129902459,129635186,126963554,124202906,122398623,118796908,117072656,102599554,102599553,102599551,102476321,102462452,102462450
metal cation	6326954,5359967,5352425,159371,114942,104755,23994,23993,23989,23964,23939,23937,23932,23930,935
nucleobase withiDNA	135398661,124322,104994
relaxed DNA	154562198,145721995,145721930,135932939,132472120,132427621,129734999,129638170,129627018,129627017,129627016,129627015,129627014,124204213,123132008,121494112,121492864,121492440,121492004,121490254
RNA	139031790,139031789,136663115,136351797,135886642,135886641,135659051,135537060,135509116,135499568,135460973,135445727,132282510,131801471,122198201,121494119,121494117,121494115,91825582,86583501
nucleoside	153274540,136254582,136187651,136187650,136093826,136006897,135933067,135783056,135618597,135540987,135509108,135475605,135407175,135406132,135403804,135402018,135398720,135398719,135398641,135398592
nucleotide	141649565,138393582,137699074,137349291,135926567,135625254,135600304,135596612,135564529,135440063,135421870,135404874,135402036,134693962,133065615,133065613,133065611,133065608,131851653,129893774
peptide with penultimate glycine	129844003,121513936,101692244,76970782,76967250,76966869,76963330,76963329,72941992,71255013,66598080,46916298,45588096,42630677,25099093,25082794,25079049,18403043,16214485,16139605
peptide with C-terminal glycine	72941992
peptidoglycan	135398739,134820560,134820369,134820347,134820170,134820076,134820017,122706581,122706251,90657721,90657238,90657175,86289097,52940090,52921622,46173553,46173461,46173258,46173163,9816401
N-acetylmuramoyl-pentapeptide-diphosphoundecaprenol	52940090,52921622,52921621
phenyl acetate	154825526,154825356,154824842,154824719,154824630,154822934,154821607,154815093,154815092,154815091,154815090,154815089,154815088,154815087,154815086,154815085,154815084,154810367,154810067,154808326
phenol	154825305,154825199,154825044,154824976,71819644,154824654,154823807,154822815,154822532,154820998,154820345,154819772,154819751,154819467,154819339,154818399,154817486,154816733,154815909,154815693
phosphate monoester	135849788,135783069,54605677,24779494,24779454,24779244,24779076,24778546,23712882,23671774,23671773,22851442,16686079,16219892,16081932,14250578,13013858,11005824,10350317,10143739
phosphatidylcholine	152743435,145740429,145740427,135563776,135563774,135563697,135563695,135563693,135563691,135563690,135397770,134785886,134784900,134782668,134782330,134781158,134780092,134779702,134778653,134778634
2-acyl-sn-glycero-3-phosphocholine	24798682
fatty acid	145994459,139598115,139598019,139597746,139597410,139597184,139597182,139597036,139597023,139596886,139596850,139596792,139596735,139596510,139596459,139595763,139595758,139595668,139595588,139595543
phospholipid	135538722,131841379,131750197,99713722,71587308,71311714,52922414,44319037,44256609,24778686,13962350,13962334,13962327,13962313,13921353,6437392,5287971,452651,452650,219028
phosphorylated phosphoglucomutase	145721952,135509142,135410941,135410938,135410937,135410935,135410934,135410933,135410932,135410931,135410930,127053818,102155073,102018692,100965021,100965020,91820423,60167572,57528861,46881081
phosphorylated phosphoglucosamine mutase	145721952,135509142,135410941,135410938,135410937,135410935,135410934,135410933,135410932,135410931,135410930,127053818,102155073,102018692,100965021,100965020,91820423,60167572,57528861,46881081
phosphorylated beta-phosphoglucomutase	145721952
beta-phosphoglucomutase	154732068,154732058,154732056,154732027,154732025,154731990,154731924,154731919,154731846,154731832,154731791,154731691,154731690,154731688,154731644,154731641,154731638,154731637,154731635,154731632
primary amine	5356789,5281708,136274,111882,109483,109482,109375,103411,9773,6503
aldehyde	154731439,154706792,154701934,154586093,154572845,146673118,146673088,146673087,146673085,146171110,146171053,146171041,146159248,146047132,146026231,146026205,146026164,146026157,146026156,146015080
protein	154731001,146159834,146158575,146158409,146157259,146156923,146156689,146047149,146019362,145708010,145708009,145708007,145708003,145707897,145707851,145707799,145707790,145707789,145707748,145707744
purine 2'-deoxyribonucleoside	3037127,65148
purine base	54755438,54110187,15983184,5489638,194342,193232,171185,122034,108175,3367,1135,1044
purine ribonucleoside	138399675,135398635,92022056,69746722,44629931,21116879,12071198,11957642,5184161,3938248,3037883,3036942,3034391,2724387,676166,440004,317499,265510,250699,248425
alpha-D-ribose-1-phosphate	23615443,439236
purine ribonucleoside 5'-triphosphate	3036942
purine	154824331,154808140,154808139,154808138,154807975,154807750,154807143,154806873,154806145,154805408,154805407,154805220,154805010,154803000,154802598,154802144,154799594,154798976,154798861,154798814
rhodoquinone	101918129,101339571,25246233,6441300
ribonucleoside 5'-monophosphate	135804809,92022150,58843015,5184161,3037883,3036186,3034391,445132,161647,65110
ribonucleoside	138399675,136742444,136663942,136276948,135804809,135804808,135796589,135540987,135468226,135432358,135410303,135407110,135398641,135398635,134820109,134694950,92022150,92022056,74603443,69746722
DNA	154562198,145721995,145721930,135932939,132472120,132427621,129734999,129638170,129627018,129627017,129627016,129627015,129627014,124204213,123132008,121494112,121492864,121492440,121492004,121490254
single-stranded oligodeoxyribonucleotide	72715805,72715799,72715791,72193694,72193692,71728407,71728406,71728405,71728404,71728403,71728389,16197777,16150515,16149436,16130365,11967651,10953398,446227
ribonucleoside triphosphate	3036942,169219
n-diphosphate	154732334,154729664,154729359,154724898,154724769,154706455,154706450,154706423,154703634,154703604,154703284,154702969,154700468,154573934,146680002,146676957,146674714,146674709,146672990,146170752
sophorosyloxyfatty acid	154827463,154827462,154827461,154827460,154827385,154827373,154827364,154827363,154827358,154827357,154827356,154827355,154827352,154827350,154827348,154827346,154827344,154826897,154826562,154826537
sophorosyloxyfatty acid 6',6''-diacetate	154731812,154731087,154706538,153531022,153393527,146161112,146159061,146159043,146158287,146037564,146035712,145996703,145722625,145707061,145706477,145453302,141360809,140509325,140509324,140509322
sugar phosphate	126480325,46936989,46936481,14252075,449303,439762,8870
sugar	145714365,137699431,131750926,129651825,126480325,91696346,91692850,91663255,90657961,73415771,73351866,66895039,56842106,54127386,46936989,46936481,45051643,23665706,23644150,21924868
tRNA	16133943,16133942,16133941,16133937,16133936,16133935,16133934,10095725,101173
L-alanyl-tRNAAla	154734381,154732138,154731951,154731826,154731806,154731656,154731585,154731274,154731148,154731141,154728385,154701786,154701759,154701695,154701633,154701623,154701620,154572842,146675087,146673155
L-arginyl-tRNAArg	154732049,154731806,154731585,154731247,154731200,154731096,154731052,154730582,154730579,154727723,154726225,154723957,154706538,154701623,146681073,146675088,146160137,146159334,146158608,146048058
L-cysteinyl-tRNACys	154734381,154732049,154731770,154731646,154731608,154731588,154731172,154725238,154701633,154586146,146158175,146158174,146158173,146157616,146014907,145458892,145458891,145458890,145458889,145458888
L-glutaminyl-tRNAGln	154701623,154701620,154701466,154701445,154701386,154572901,154572842,146675088,146159998,146159334,146158608,146026593,146026592,146026591,146026585,146026582,146014907,145722624,145458911,145458910
glycyl-tRNAGly	154732089,154732088,154732049,154731966,154731908,154731848,154731826,154731806,154731770,154731164,154731052,154731023,154724987,154723987,154723978,154723906,154706474,154704744,154704686,154704611
L-histidyl-tRNAHis	154731936,154731908,154731806,154731736,154731604,154731583,154731582,154731200,154730951,154730686,154730611,154728385,154723982,154723978,154723717,146159998,146159334,146157442,146155989,146026593
L-isoleucyl-tRNAIle	154731585,154731565,154730666,154730665,154728385,154701707,154701623,154701466,154701406,154701386,154573826,146675088,146672953,146159998,146159334,146158608,146026583,146026577,146026569,146026568
L-leucyl-tRNALeu	154732115,154731990,154731951,154731826,154731806,154731742,154731738,154731737,154731588,154731585,154731200,154723924,154723770,154701623,154701620,154701406,154701386,154700925,154700924,154700919
L-phenylalanyl-tRNAPhe	154732307,154732001,154731990,154731951,154731934,154731770,154731585,154731254,154731247,154731172,154731052,154730691,154723982,154723950,154723924,154723717,154701623,154701620,154701601,154701406
L-prolyl-tRNAPro	154731934,154731903,154731806,154731736,154731588,154731585,154731583,154731582,154731052,154730582,154730579,154728385,154723982,154706538,154701786,154701623,154701577,154701575,154700490,154572901
L-seryl-tRNAsec	154731806,154731585,154731274,154731200,154731052,154730846,154730691,154730652,154730582,154728385,154723943,154701633,154701623,154701620,154701575,154701466,154701386,146160137,146159998,146159334
L-seryl-tRNAser	154731806,154731585,154731274,154731200,154731052,154730846,154730691,154730652,154730582,154728385,154723943,154701633,154701623,154701620,154701575,154701466,154701386,146160137,146159998,146159334
L-threonyl-tRNAThr	154731990,154731920,154731770,154731585,154731096,154730686,154728385,154723924,154706538,154701623,154701620,154701406,154572842,146160137,146159334,146014907,145996969,145722624,145459056,145459055
L-tyrosyl-tRNATyr	154734381,154732049,154732001,154731990,154731806,154731200,154731172,154723924,154706188,154701620,146675088,146170777,146170776,146170775,146160137,146159893,146026602,146026583,146026581,146026577
L-valyl-tRNAVal	154734381,154731995,154731848,154731813,154731738,154731737,154731274,154731172,154730686,154730316,154724002,154723957,154701623,154701445,154701406,154701386,154572901,146676968,146672957,146672956
type IV prepilin	139085824,131841358,131841357,131841356,131841355,131841354,131841353,131841352,131841351,131841350,131841349,91972290,86124938,72941443,44260251,44260250,44260249,44260248,44260247,44260246
uracil iDNA	146679892,146679889,146679883,146674766,146170799,146048159,145946124,145946121,145946120,145946113,145946112,145714109,145713942,144935309,144935291,139291585,139093638,139071465,139068361,139058197
apyrimidinic site iDNA	102601959,25090755,25078061,22461943,16197455,16197453,16197452,16197376,16133903,16133902,5482039,5481199,482173,482171,482170,482169,482168,482167,470989,470987
uridine itRNA	154730326,154723767,154706125,154701544,146680002,146674724,146674722,146674721,146674718,146157247,146157236,146157216,146157215,146157214,146157213,146157074,146034898,146034896,146034894,146034892
5,6-dihydrouridine itRNA	129673338,102330684,101450722,71402706,70698316,69640684,45052147,45052066,44366630,21772594,13042007
uridine260i23S rRNA	66563653,70315
pseudouridine260i23S rRNA	66563653,70315
uridine51i16S rRNA	66563653,70315
vitamin	154732117,154723853,154701814,154699785,152743174,152743068,152743067,146676027,146171101,146159467,146159255,146157369,146157175,146157058,146157031,146156579,146025952,145944446,145705982,145705674
beta-D-galactoside	439353
6-acetyl-beta-D-galactoside	122396785,102274564
beta-D-glucuronoside	146026636,146026610,134820360,134820212,134820144,134819987,131769826,126843452,122164834,97041708,90659092,90658901,71306344,71296129,54758661,53480454,44258424,42622727,24862077,14185731
D-glucopyranuronate	94715
beta-glucoside	154586217,154586208,154586175,154586133,154586094,146672861,146160093,146159787,146157877,146157615,146156739,146156464,146156382,146037299,146037096,146037015,146037014,146026616,145865017,145864961
D-ribofuranose	5779
Coalpha-alpha-(benzimidazolyl)-Cobeta-adenosylcobamide 5'-phosphate	134820551,134820389,134820021
alpha-ribazole	160433,211
D-fructuronate	25245784,439343
D-mannopyranose	18950
D-ribopyranose	10975657
D-xylopyranose	135191
L-arabinopyranose	439195
allantoin	133065433,129713640,76965452,71586809,71586804,71309133,67732897,66611983,56842179,54079164,46780111,44146546,44135361,19912736,18629419,9568763,6452011,6452010,6450107,3083839
(R)-2-halocarboxylate	154827436,154827423,154827403,154827402,154825281,71720207,154810024,154809741,154734675,154734101,154733597,154733584,154733576,154733426,154733404,154733402,154732991,154732974,154732138,154732134
(S)-2-hydroxyarboxylate	154827451,154827450,154827447,154827442,154827426,154827425,154827418,154827405,154827311,154827310,154827309,154827308,154827307,154827306,154827305,154827304,154827303,154827302,154827301,154827300
(S)-2-halocarboxylate	154827451,154827450,154827447,154827442,154827426,154827425,154827418,154827405,154827311,154827310,154827309,154827308,154827307,154827306,154827305,154827304,154827303,154827302,154827301,154827300
phosphoglyceride	6441413
D-cellobiose	24802025,20056755,439178,10712,294
D-fructose	2723872,5984
D-glucosamine	2723635,439213
D-glucose	87517085,22814120,10954115,107526,24749,5793
D-mannose	71317182,6321330,441032,18950,206
L-sorbose	439192,107428,92092,6904,1101
lactose	146158719,146155982,146015205,138393929,137797297,137552077,137333648,136661897,135564166,135391955,133554220,133053695,132285181,132285170,132276692,132274890,132274889,131740565,131738469,131738128
lactose 6'-phosphate	129850197,129817303,129629288,101177931,92449963,91872461,91860699,90658244,86289748,44149386,25244526,16219600,440654,194479,6883,6083
maltose 6'-phosphate	118796908,101404976,91872454,91851561,90658275,56927942,25200370,439874,167489
trehalose	146037377,145864712,145740473,139583395,139066929,139065726,139065725,139064807,139063559,139063558,139063557,139057199,139055397,139054307,139031784,139031783,139031782,138991785,138404157,138404156
alpha,alpha-trehalose	91696341,7427,1143
alpha,beta-trehalose	139055397,90657831,10871590,10449899,3081732,168207,128505,125053
alpha-D-cellobiose	441014
alpha-D-fructofuranose	11105942
alpha-D-mannopyranose	185698
alpha-L-sorbofuranose	12306007
alpha-L-sorbopyranose	441484
alpha-lactose	84571
alpha-maltose	439341
2-thiocytosine3itRNA	154827464,154827458,154827457,154827456,154827455,154827454,154827453,154827452,154827451,154827450,154827449,154827448,154827447,154827446,154827445,154827443,154827442,154827441,154827440,154827439
RNA-3'-cytidine-3'-phosphate	16219171,439643
RNA-3'-uridine-3'-phosphate	88265
RNA-3'-ribunucleoside-2'-phosphate	139031790,139031789,136663115,136351797,135886642,135886641,135659051,135537060,135509116,135499568,135460973,135445727,132282510,122198201,91825582,86583501,86583500,86583499,86583373,86583372
acetyl ester	154728506,154725824,154704963,154703447,154703309,154701658,154701601,154574922,154572905,153639108,146675368,146675112,146159282,146157913,146156589,146156338,146036915,146026765,146026753,146025992
acetyl-acp	16130894,16130893,16130890,16130889,16130888,16037315,5493631,497078,497076
acid	154827463,154827462,154827461,154827460,154827385,154827373,154827364,154827363,154827358,154827357,154827356,154827355,154827352,154827350,154827348,154827346,154827344,154826897,154826562,154826537
acyl phosphate	146037387,146037333,146037271,146037238,146037186,146037146,146037144,146037090,146036991,146036960,146036937,145740429,145740427,136212447,136212445,136212441,132274822,132274820,132274797,129320363
acyl-acyl-carrier protein	126961072,13655793,5490374
aliphatic amine	8113
alkylsulfonate	116874
anion	154706386,154573683,154432549,154432548,154414815,154414814,154409513,154293241,154266232,154255279,154173202,154169190,154106530,154104090,154103061,154083350,154074137,154066191,154059849,154003173
dialkyl phosphate	194671
1,2-diacyl-sn-glycerol	138312645,136212478,73437561,5287898,447938
insertiosequence element IS30	121233688,121233687,121233682,121233681,16197377,16197375,16197302,16197301,16197300,16197299,16197298,16197297,16197296,16197295,16197294,16197293,16197292,16197291,16197290,16197289
osmoregulated periplasmic glucan	134692111,131632498,129630643,122198231,102416773,92043573,86278348,71434145,71312131,53477911,53477771,46173706,21604864,7057928,5288413,441477,440950,439306,439262,107526
thiol	154814355,154814354,154809639,154780133,154776033,154776031,154732372,154732371,154731916,154730907,154727898,154727300,154726907,154726794,154726670,154726587,154726175,154726121,154726055,154725537
L-phenylalanyl-L-arginyl-protein	118796483,71464361,71454399,71312080,44151255,44147062,25085169,25080873,16155227,16132237,16132236,16132227,16132182,16132114,16132113,16131438,16131171,16129708,9897590,3083473
L-phenylalanyl-L-lysyl-protein	118796483,78120617,71454399,71312205,71312114,71308577,44151255,25085169,25080873,16132193,16132127,16131438,16131049,9988313,9941306,9852568,6449861
mRNA	146035916,135442196,11600573
N-acetyl-beta-D-hexosaminide	154730855,154723946,154704698,154703801,154700479,154700477,154700459,154700458,154700456,154700455,154586206,154586187,154585238,154584839,154573698,154573697,154573696,154573693,154573689,154573020
N-acetyl-beta-D-hexosamine	146037058
L-methionylaminoacyl-tRNA	10095725
N-acetoxyarylamine	154827465,154827464,154827463,154827462,154827461,154827460,154827459,154827458,154827457,154827456,154827455,154827454,154827453,154827452,154827451,154827450,154827449,154827448,154827447,154827446
N-modified amino acid	138404145,135461002,118987329,118984459,101157554,49867889,49867117,46936654,46884880,24901643,24901642,24901641,24901640,24901639,24901638,24901637,24901636,24901635,24901634,24901633
N1-ethyladenine iDNA	135398554
adenine iDNA	154732247,146679954,146037092,146035644,145714136,145713959,145706404,139592402,139194222,139194221,139194220,139194219,139194218,139147478,139146435,139146434,139146433,139146432,139135641,139130489
N1-methyladenine iDNA	135398646
N3-methyladenine iDNA	135398661
N3-methylcytosine iDNA	140523
cytosine iDNA	139291779,139267828,139202710,139200714,139195540,139146447,139138662,139080123,139067149,139065032,139062704,139062703,139060978,139060525,139031688,139031621,139031616,139031516,139031428,138811078
O4-methylthymine iDNA	65353
thymine iDNA	146048170,139203954,139203953,139146202,139140220,139140219,139078329,139067873,139061372,139042979,139042978,139042778,139042777,138753327,137628660,137350043,137348747,137234519,136868520,136822861
O6-methylguanine iDNA	65275
guanine iDNA	146674666,146156931,146156271,145721370,139052185,139031617,139031517,139031515,139031430,139031429,139031180,139031020,137350208,137350163,137348067,137306446,137274215,137266788,137249371,137243427
oligopeptide	121494113,71435492,71300623,66927173,24946690,16197304,16197303,16131447,130263
oxidized nitroaromatic compound	34286,6057
reduced nitroaromatic compound	23645369,23645368,23645367,23645366,23645365,23644659,11425738,462919,164695
S-sulfanyl-L-cysteine desulfurase	45266695
alpha-limit dextriwith short branches	146037276
2-methylbutanoate	91073357,22253297
aliphatic sulfonate	517065
D-sedoheptulose	5459879
ribulose	139599837,134930915,132990927,129852144,129848707,129700096,129674596,129660939,129638436,129636257,129635127,129630403,129627753,129626672,124929149,122227904,118855909,117072691,102026685,101850483
cellulose	139600838,138962044,137699213,136033680,133126848,129668676,86574936,86574851,86574787,73557247,73555826,73555757,71306959,71306830,57503849,51063134,45038778,44263857,44263853,44263835
cellodextrin	5287993
chitin	145944351,134693940,134692342,134691289,132427192,129853206,129853203,129853200,129851693,129851641,129851639,129851630,129799624,129721832,129721782,129721767,129721658,129721515,129721490,129720258
Coalpha-alpha-(benzimidazolyl)-Cobeta-adenosylcobamide	134820551,134820389,134820021
cystine	154723814,154723734,145945681,145709942,139208995,139087457,138453918,138402361,137175766,135554462,131737572,131717134,131697882,129866157,129866142,129850433,129850326,129850270,129849385,129847126
D-altropyranose	441032
D-arabinofuranose	10877291
D-arabinopyranose	6902
D-galactose	3037556,439357,6036,206
D-ribose	10975657,5311110
D-xylose	89398913,71313478,59435876,12306942,644160,444173,135191,125409,6027,229
UDP-N-acetyl-alpha-D-glucosamine	16667373,445675
DL-allothreonine	99289,90624,205
resolutioof recombinational junctioformatioof two intact strands	141684727,140869903,139207198,139207195,139199452,139172885,139146218,139120814,139120811,139068579,136214076,136214075,136214074,136214073,135120983,135120982,135120973,134510911,134491458,134491339
dTDP-4-dehydro-6-deoxy-alpha-D-glucopyranose	25244163,439292
dTDP-alpha-D-glucose	25202390,443210
L-methionyl-elongator tRNAMet	154731096,154586044,146675088,146159334,146158608,146026593,146026592,146026591,146026588,146026586,146026585,146026582,146014907,145925536,145710782,145459005,145459004,145459003,145459002,145459001
fucose	146018399,145710715,145710501,139589983,139589982,139589981,139589980,139589979,139589978,139589977,139589976,139589974,139589973,139589972,139086311,139075072,139072795,137239044,137185796,136181831
GDP-4-dehydro-alpha-D-rhamnose	135398620
glutamate	154731866,154731147,154730843,154730825,154730817,154572930,146036988,145996927,145996922,145926051,145865083,145865079,145864991,145864987,145780006,145740442,145710055,145707090,145707074,145707072
glutathione-S-conjugate	134820297,122391324,122198288,122198287,122198240,122198239,122198238,122198237,122198236,122198235,101598496,101598495,70788955,46936311,24832039,5460851,5288368,5287712,5281911,449471
homoserine lactone	154730665,146682877,146682876,139587189,138753051,138454228,138454227,138454226,132562066,132562065,132562064,132562063,122206457,122206456,122174036,121221440,102350241,102350240,102322323,102156862
initiator tRNAMet	16197374,81610
alpha-D-xylopyranose	6027
L-rhamnulofuranose	11829765
serine	154731990,154731966,154723924,154703203,154703190,146684852,146681099,146171034,146170907,146156341,146047945,145946117,145944344,145944304,145944302,145925650,145865062,145865009,145740443,145711490
UDP-N-acetyl-alpha-D-muramate	24772978
UDP-N-acetyl-alpha-D-muramoyl-L-alanine	5496796
L-arabinofuranose	10877291,440921
ornithine	154572619,154572519,146684857,146681953,145916088,145865169,145710738,145710536,145707664,141985397,139208978,139208977,139208976,139065250,139033725,139033349,138991751,138454224,138454223,138454222
L-lysyl-tRNALys	154734381,154731951,154731920,154731770,154731742,154731604,154731583,154731582,154731200,154731172,154731096,154730579,154728385,154726508,154723848,154723717,154701776,154701623,154701575,154701406
L-tryptophanyl-tRNATrp	145459069,145459068,145459067,145459066,145459065,145459064,145459063,145459062,145459061,145459060,145459059,145459058,145459057,145458793,145458792,145458791,145458790,145458789,145458788,145458787
methylene-tetrahydropteroyl-gamma-Glu	135398644
starch	145864875,134690613,133126716,131750204,126968509,91932559,86278134,71306901,68229136,51003661,24847858,24847857,24847854,24847853,24847852,24847850,24847849,24847848,24846132,24836924
alpha-amylose	53477771,444913,192826
amylopectin	86278134,24846132,23675774,439207
N-acetyl-D-mannosamine	11908605,11096158,644170,439281,65150
N-acetyl-D-muramate	16738680
N-acetyl-alpha-D-galactosamine	84265
N-acetyl-alpha-D-glucosamine	82313
N-acetyl-alpha-neuraminate	11876106
N-acetylneuraminate	6857396,439197
Nalpha,Nepsilon-diacetyl-lysyl-D-alanyl-D-alanine	4363645,152678
Nalpha,Nepsilon-diacetyl-lysyl-D-alanine	134820186,4363645,152678
repressor LexA	196078
n+mRNA fragment	146158394,146156714,146026574,145994868,145705875,139292150,139292010,139031790,139031789,137699290,137699206,136351797,135886642,135886641,134813591,134786116,134773020,134739440,134159004,132282510
n-H2O	145705705,139292150,139292117,139291996,139238286,139209027,139208931,139207420,139207395,139207355,139207250,139204075,139203935,139203405,139203404,139203403,139203402,139202736,139202710,139202709
n-nucleoside 5'-monophosphate	121310009,43860
reduced flavodoxin	154704411,154699794,146037075,139600636,137350170,136759132,136759127,136636082,136631905,136330796,135956777,135616718,135455418,135445759,135421870,135398668,134693948,133556295,133065691,133065642
glycerolipid-oleate	154724380,154723777,154706437,154586029,146156388,145995095,139588261,139033186,139032960,139032855,138756165,137699546,137323832,137323831,137323830,137323829,137323828,136664393,135800005,135570586
glycerolipid-dihydrosterculate	25246275,543406
protein-L-beta-isoaspartate	124201445,90470041,76964040,76957148,71464361,71312205,71312114,16149643,16132362,16131051,10843733,10146049,9897590,6918245,978320,125288,69676,5951,602
proteiL-beta-isoaspartate alpha-methyl ester	154732056,154731919,154723843,139209049,139206233,139071353,139035027,137698360,136901837,136845122,136845121,136845120,136845119,136830808,136824741,136824740,136819162,136785392,136701639,136701637
cytidine140i16S rRNA	66563653,70315
2'-O-methylcytidine140i16S rRNA	66563653,70315
cytidine249i23S rRNA	66563653,70315
2-O-methylcytidine249i23S rRNA	70315
5-methylcytosine iDNA	65040
cytosine140i16S rRNA	66563653,70315
cytosine196i23S rRNA	66563653,70315
cytosine96i16S rRNA	66563653,70315
guanine206i23S rRNA	66563653,70315
guanine244i23S rRNA	66563653,70315
guanine52i16S rRNA	66563653,70315
guanine96i16S rRNA	66563653,70315
2'-O-methylguanosine1itRNA	154827465,154827464,154827463,154827462,154827461,154827460,154827459,154827458,154827457,154827456,154827455,154827454,154827453,154827452,154827451,154827450,154827449,154827448,154827447,154827446
pseudouridine191i23S rRNA	66563653,70315
uracil193i23S rRNA	66563653,70315
uracil74i23S rRNA	66563653,70315
adenine161i23S rRNA	66563653,70315
adenine20i23S rRNA	66563653,70315
N6-methyladenine iDNA	67955
guanosine225i23S rRNA	66563653,70315
2-O-methylguanosine225i23S rRNA	70315
uridine255i23S rRNA	66563653,70315
2'-O-methyluridine255i23S rRNA	66563653,70315
L-selenocysteinyl-tRNAsec	129010906
SHG-glucosyln+1	15942724,65469
SHG-glucosyln	15942724,65469
tetrahydropteroyl-gamma-Glu	135398644,135398556
reduced TorC protein	129010925,124201445,123131904,102601595,71454399,53442956,16131132,16129708,16129694,11971569,961320,174541,88064,598
reduced TorY protein	129010925,124201445,123131904,102601595,71454399,53442956,16131132,16129708,16129694,11971569,961320,174541,88064,598
L-asparaginyl-tRNAAsn	154732049,154731990,154731588,154731096,154730691,154728385,154723924,154701623,154701386,146160137,146159998,146159334,146158608,146157016,146037022,146026569,146026567,146026564,145722624,145458861
L-aspartyl-tRNAasp	154732049,154731826,146159334,146157791,146157022,146155988,145706983,145706982,145706981,145458874,145458873,145458872,145458871,145458870,145458869,145458868,145458867,145458866,145458865,145458864
UDP-N-acetyl-alpha-D-mannosamine	449043
N-acetyl-alpha-D-glucosaminyldiphospho-ditrans,octacis-undecaprenol	52921677,46173713
UDP-N-acetyl-alpha-D-glucosamine-enolpyruvate	25244881
UDP-N-acetyl-alpha-D-mannosaminuronate	25246192,440961
UDP-N-acetyl-alpha-D-muramoyl-L-alanyl-D-glutamate	25243858
UDP-N-acetyl-alpha-D-muramoyl-L-alanyl-gamma-D-glutamyl-L-lysine	86290123
UDP-N-acetyl-alpha-D-muramoyl-L-alanyl-gamma-D-glutamyl-L-lysyl-D-alanyl-D-alanine	86289103,10942192
UDP-alpha-D-galactose	91746280,18068
UDP-alpha-D-glucose	8629
UDP-alpha-D-glucuronate	17473
alpha-D-glucopyranosyl-diphosphoundecaprenol	52940217
uridine245i23S rRNA	66563653,70315
pseudouridine245i23S rRNA	66563653,70315
uridine74i23S rRNA	66563653,70315
pseudouridine74i23S rRNA	66563653,70315
uridine955/2504/25i23S rRNA	66563653,70315
pseudouridine955/2504/25i23S rRNA	66563653,70315
unwound RNA	139031790,139031789,136663115,136351797,135886642,135886641,135659051,135537060,135509116,135499568,135460973,135445727,132282510,131801471,122198201,121494119,121494117,121494115,91825582,86583501
xylan	50909243,3083252,125409,37720,9394
alpha,omega-9Z-octadecenedioate	90657642
alpha-D-galactopyranose	439357,206
ADP-alpha-D-glucose	42609821,16500
alpha-D-ribofuranose	445894
alpha-L-arabinopyranose	439731
alpha-L-fucopyranose	439554
alpha-L-rhamnopyranose	439710
alpha-linolenate	5461005
alpha-linolenoyl-CoA	71581051,25164091
beta-aspartyl dipeptide	90658466,14284574,10159630
L-galactopyranose	12003287
